56702
62002
62202
62302
62402
62502
62602
62702
62802
62902
63002
63102
63202
63302
63402
63502
63602
63802
63902
64002
64202
64302
64502
64602
64902
65002
65202
65302
65402
65602
65702
65802
66002
66102
66302
66402
83602
83702
83902
84002
84302
84402
84602
84702
84902
85002
85102
85302
85402
85602
85702
85802
85902
86002
86102
86402
86502
86702
86802
86902
87102
87202
87302
87402
87502
87602
87702
87802
87902
88002
88102
88202
88302
88402
109202
109302
109402
109502
109602
109702
109802
109902
110002
110102
110202
110302
110402
110502
110602
110802
110902
111102
111202
111302
111402
111502
111702
111802
111902
112002
112102
112202
112402
112502
112602
112702
112802
112902
113002
113102
113202
113302
113402
113502
113602
113702
113802
137502
137602
137702
137802
137902
138002
138102
138202
138302
138402
138502
138602
138702
138802
138902
139002
139102
139202
139302
139402
139502
139602
139702
139802
139902
140002
140102
140202
140302
140402
140502
140602
140802
140902
141002
141102
141202
141302
141402
175902
176102
176202
176302
176402
176502
176602
176702
176802
176902
177002
177102
177202
177302
177402
177502
177602
177702
177802
177902
178002
178102
178202
178302
178402
178502
178602
178702
178802
178902
179002
179102
179202
179302
179402
179502
179602
179702
179802
179902
180002
180102
180202
180302
204002
204302
204402
204502
204602
204702
204802
204902
205002
205102
205202
205302
205402
205502
205602
205702
205802
205902
206002
206102
206202
206302
206402
206502
206602
206702
206802
206902
207002
207102
207202
207302
207402
207502
207602
207702
207802
207902
208002
208102
208202
237402
237502
237902
238002
238102
238202
238302
238402
238502
238602
238702
238802
238902
239002
239102
239202
239302
239402
239602
239702
239802
239902
240002
240102
240302
240402
240502
240602
240702
240802
240902
241002
241102
241202
241302
241502
241602
241702
241802
241902
242002
